Run | Search Type     | BST0_Special | BST0_Higher  | BST0_Lower   | BST0_Total   | 3BST_Special | 3BST_Higher  | 3BST_Lower   | 3BST_Total   |
----+-----------------+--------------+--------------+--------------+--------------+--------------+--------------+--------------+--------------+
  1 | Range Found     | 8439715      | 913760       | 24428791     | 33782266     | 8431545      | 914946       | 24421653     | 33768144     |
  1 | Range Not Found | 0            | 24           | 0            | 24           | 0            | 17           | 0            | 17           |
  1 | All Queries     | 8439715      | 913784       | 24428791     | 33782290     | 8431545      | 914963       | 24421653     | 33768161     |
----+-----------------+--------------+--------------+--------------+--------------+--------------+--------------+--------------+--------------+
  2 | Range Found     | 16277727     | 2088872      | 47937942     | 66304541     | 16270428     | 2089259      | 47932572     | 66292259     |
  2 | Range Not Found | 0            | 16           | 0            | 16           | 0            | 26           | 0            | 26           |
  2 | All Queries     | 16277727     | 2088888      | 47937942     | 66304557     | 16270428     | 2089285      | 47932572     | 66292285     |
----+-----------------+--------------+--------------+--------------+--------------+--------------+--------------+--------------+--------------+
  3 | Range Found     | 24412604     | 3009780      | 72518145     | 99940529     | 24405564     | 3009823      | 72508005     | 99923392     |
  3 | Range Not Found | 0            | 0            | 0            | 0            | 0            | 0            | 0            | 0            |
  3 | All Queries     | 24412604     | 3009780      | 72518145     | 99940529     | 24405564     | 3009823      | 72508005     | 99923392     |
----+-----------------+--------------+--------------+--------------+--------------+--------------+--------------+--------------+--------------+
  4 | Range Found     | 32422475     | 4382147      | 96090277     | 132894899    | 32414899     | 4381662      | 96087514     | 132884075    |
  4 | Range Not Found | 0            | 0            | 0            | 0            | 0            | 0            | 0            | 0            |
  4 | All Queries     | 32422475     | 4382147      | 96090277     | 132894899    | 32414899     | 4381662      | 96087514     | 132884075    |
----+-----------------+--------------+--------------+--------------+--------------+--------------+--------------+--------------+--------------+
  5 | Range Found     | 39442288     | 5271411      | 120808363    | 165522062    | 39435607     | 5271988      | 120802962    | 165510557    |
  5 | Range Not Found | 0            | 0            | 0            | 0            | 0            | 0            | 0            | 0            |
  5 | All Queries     | 39442288     | 5271411      | 120808363    | 165522062    | 39435607     | 5271988      | 120802962    | 165510557    |
----+-----------------+--------------+--------------+--------------+--------------+--------------+--------------+--------------+--------------+
  6 | Range Found     | 50528444     | 5766541      | 143039054    | 199334039    | 50521425     | 5767217      | 143031584    | 199320226    |
  6 | Range Not Found | 0            | 0            | 0            | 0            | 0            | 0            | 0            | 0            |
  6 | All Queries     | 50528444     | 5766541      | 143039054    | 199334039    | 50521425     | 5767217      | 143031584    | 199320226    |
----+-----------------+--------------+--------------+--------------+--------------+--------------+--------------+--------------+--------------+
  7 | Range Found     | 55862555     | 7265743      | 167474510    | 230602808    | 55855200     | 7265608      | 167469582    | 230590390    |
  7 | Range Not Found | 0            | 0            | 0            | 0            | 0            | 0            | 0            | 0            |
  7 | All Queries     | 55862555     | 7265743      | 167474510    | 230602808    | 55855200     | 7265608      | 167469582    | 230590390    |
----+-----------------+--------------+--------------+--------------+--------------+--------------+--------------+--------------+--------------+
  8 | Range Found     | 63877849     | 7884532      | 194803408    | 266565789    | 63870337     | 7885238      | 194799304    | 266554879    |
  8 | Range Not Found | 0            | 33           | 0            | 33           | 0            | 35           | 0            | 35           |
  8 | All Queries     | 63877849     | 7884565      | 194803408    | 266565822    | 63870337     | 7885273      | 194799304    | 266554914    |
----+-----------------+--------------+--------------+--------------+--------------+--------------+--------------+--------------+--------------+
  9 | Range Found     | 72828634     | 8206932      | 220356221    | 301391787    | 72822527     | 8207532      | 220347520    | 301377579    |
  9 | Range Not Found | 0            | 0            | 0            | 0            | 0            | 0            | 0            | 0            |
  9 | All Queries     | 72828634     | 8206932      | 220356221    | 301391787    | 72822527     | 8207532      | 220347520    | 301377579    |
----+-----------------+--------------+--------------+--------------+--------------+--------------+--------------+--------------+--------------+
 10 | Range Found     | 82285954     | 9571397      | 241502902    | 333360253    | 82280131     | 9572711      | 241498474    | 333351316    |
 10 | Range Not Found | 0            | 0            | 0            | 0            | 0            | 0            | 0            | 0            |
 10 | All Queries     | 82285954     | 9571397      | 241502902    | 333360253    | 82280131     | 9572711      | 241498474    | 333351316    |